(0 922 780 40 -1)
(0 532 898 31 -1)
(0 166 517 31 -1)
(0 233 710 31 -1)
(0 509 832 31 -1)
(0 732 311 31 -1)
(0 11 656 31 -1)
(0 23 99 31 -1)
(0 231 638 31 -1)
(0 439 754 40 -1)
(0 385 161 31 -1)
(0 700 804 40 -1)
(0 957 803 40 -1)
(0 75 728 31 -1)
(0 416 883 31 -1)
(0 455 154 31 -1)
(0 880 883 31 -1)
(0 936 756 31 -1)
(0 905 816 40 -1)
(0 543 5 31 -1)
(0 267 464 31 -1)
(0 646 29 31 -1)
(0 916 708 31 -1)
(0 550 893 31 -1)
(0 961 393 31 -1)
(0 499 928 40 -1)
(0 208 956 31 -1)
(0 368 161 40 -1)
(0 686 476 31 -1)
(0 989 985 31 -1)
(0 318 467 31 -1)
(0 18 510 31 -1)
(0 954 176 31 -1)
(0 535 499 40 -1)
(0 803 864 31 -1)
(0 777 220 31 -1)
(0 960 392 31 -1)
(0 251 287 31 -1)
(0 753 800 31 -1)
(0 49 135 31 -1)
(0 343 362 31 -1)
(0 959 364 31 -1)
(0 864 641 31 -1)
(0 631 733 31 -1)
(0 899 56 40 -1)
(0 561 727 31 -1)
(0 940 166 31 -1)
(0 693 301 31 -1)
(0 843 194 31 -1)
(0 76 709 31 -1)
(0 806 613 31 -1)
(0 965 90 31 -1)
(0 596 796 31 -1)
(0 848 677 31 -1)
(0 602 818 31 -1)
(0 576 642 31 -1)
(0 17 414 31 -1)
(0 899 239 40 -1)
(0 952 697 31 -1)
(0 143 911 31 -1)
(0 932 16 40 -1)
(0 743 507 31 -1)
(0 466 749 31 -1)
(0 918 405 31 -1)
(0 821 518 31 -1)
(0 254 158 31 -1)
(0 341 835 31 -1)
(0 991 185 31 -1)
(0 396 444 31 -1)
(0 589 984 31 -1)
(0 646 874 31 -1)
(0 647 546 40 -1)
(0 768 822 31 -1)
(0 517 884 31 -1)
(0 687 771 40 -1)
(0 830 749 31 -1)
(0 934 347 40 -1)
(0 404 875 31 -1)
(0 822 406 31 -1)
(0 888 120 31 -1)
(0 145 935 31 -1)
(0 173 618 31 -1)
(0 481 240 31 -1)
(0 374 822 31 -1)
(0 511 86 31 -1)
(0 314 29 31 -1)
(0 792 983 31 -1)
(0 680 290 31 -1)
(0 44 283 31 -1)
(0 512 143 31 -1)
(0 896 844 31 -1)
(0 352 107 31 -1)
(0 743 589 40 -1)
(0 444 768 31 -1)
(0 687 740 31 -1)
(0 456 350 31 -1)
(0 747 293 40 -1)
(0 852 866 40 -1)
(0 377 593 40 -1)
(0 492 860 40 -1)
(0 594 795 40 -1)
(0 503 901 40 -1)
(0 392 928 40 -1)
(0 127 42 31 -1)
(0 366 999 31 -1)
(0 449 939 31 -1)
(0 224 988 31 -1)
(0 986 536 31 -1)
(0 12 292 40 -1)
(0 134 421 31 -1)
(0 161 721 31 -1)
(0 237 147 31 -1)
(0 330 257 31 -1)
(0 882 389 31 -1)
(0 402 324 31 -1)
(0 629 538 40 -1)
(0 567 947 31 -1)
(0 117 94 31 -1)
(0 178 701 40 -1)
(0 663 694 31 -1)
(0 545 659 31 -1)
(0 530 874 40 -1)
(0 65 149 31 -1)
(0 767 145 31 -1)
(0 321 790 40 -1)
(0 143 602 31 -1)
(0 407 24 31 -1)
(0 215 195 31 -1)
(0 163 389 31 -1)
(0 670 449 40 -1)
(0 777 666 31 -1)
(0 610 709 40 -1)
(0 583 49 31 -1)
(0 390 619 31 -1)
(0 75 746 31 -1)
(0 230 164 40 -1)
(0 372 402 31 -1)
(0 187 416 31 -1)
(0 506 337 31 -1)
(0 832 41 40 -1)
(0 717 519 40 -1)
(0 622 810 31 -1)
(0 413 831 40 -1)
(0 430 766 31 -1)
(0 889 134 31 -1)
(0 478 103 31 -1)
(0 600 150 31 -1)
(0 2 162 31 -1)
(0 693 860 40 -1)
(0 783 619 40 -1)
(0 591 944 31 -1)
(0 490 324 31 -1)
(0 690 647 31 -1)
(0 692 285 31 -1)
(0 518 663 31 -1)
(0 531 184 31 -1)
(0 421 281 31 -1)
(0 29 499 31 -1)
(0 437 259 31 -1)
(0 843 166 40 -1)
(0 201 143 31 -1)
(0 79 311 40 -1)
(0 186 353 31 -1)
(0 251 555 31 -1)
(0 858 539 40 -1)
(0 43 154 31 -1)
(0 35 174 31 -1)
(0 341 216 31 -1)
(0 268 162 31 -1)
(0 272 541 31 -1)
(0 296 544 31 -1)
(0 909 57 40 -1)
(0 169 266 40 -1)
(0 909 540 31 -1)
(0 710 398 31 -1)
(0 133 658 31 -1)
(0 434 911 31 -1)
(0 990 741 31 -1)
(0 227 963 40 -1)
(0 665 230 31 -1)
(0 7 71 31 -1)
(0 727 646 31 -1)
(0 598 132 31 -1)
(0 131 878 40 -1)
(0 940 522 40 -1)
(0 396 147 40 -1)
(0 537 499 40 -1)
(0 765 199 40 -1)
(0 895 903 40 -1)
(0 350 748 31 -1)
(0 949 398 31 -1)
(0 290 644 40 -1)
(0 230 837 31 -1)
(0 498 42 31 -1)
(0 465 513 31 -1)
(0 666 515 31 -1)
(0 33 819 40 -1)
(0 532 675 40 -1)
(0 286 388 31 -1)
(0 455 161 40 -1)
(0 649 928 40 -1)
(0 958 678 31 -1)
(0 278 813 31 -1)
(0 752 697 31 -1)
(0 521 902 31 -1)
(0 19 156 40 -1)
(0 866 901 31 -1)
(0 741 282 40 -1)
(0 255 925 31 -1)
(0 616 966 31 -1)
(0 725 674 31 -1)
(0 423 660 40 -1)
(0 392 554 31 -1)
(0 470 664 31 -1)
(0 745 388 31 -1)
(0 328 910 31 -1)
(0 988 100 31 -1)
(0 948 880 31 -1)
(0 916 819 40 -1)
(0 692 804 31 -1)
